Confusion Matrix:
[[12456    14    70    54   400    48    49     0]
 [   79  6193     0     0    16    33    44     0]
 [  335    11  2699     1   218     0     0    28]
 [  285    66    94  2655   145    95     6     0]
 [  736    25   297   205  5923     1   150     0]
 [  144    43    12    39    18  2120    37     0]
 [   81     0     0     0   100     0  2200     0]
 [    0     0     0     0     0     0     0  7687]]


Classification Report:
                 precision    recall  f1-score   support

    neutral (0)       0.88      0.95      0.92     13091
      Blink (1)       0.97      0.97      0.97      6365
  Gaze Left (2)       0.85      0.82      0.84      3292
 Gaze Right (3)       0.90      0.79      0.84      3346
Gaze Center (4)       0.87      0.81      0.84      7337
    Gaze Up (5)       0.92      0.88      0.90      2413
  Gaze Down (6)       0.88      0.92      0.90      2381
      Noise (7)       1.00      1.00      1.00      7687

       accuracy                           0.91     45912
      macro avg       0.91      0.89      0.90     45912
   weighted avg       0.91      0.91      0.91     45912
