Confusion Matrix:
[[12736    12    29    52   163    36    47     0]
 [   79  6195     0     0     4    39    43     5]
 [  314     2  2756     0   173     8     0    39]
 [  232    86    71  2834    82    41     0     0]
 [  514    56   284   159  6184     0   123    17]
 [  186    29    14    23     0  2118    43     0]
 [  135     0     0     0    33     0  2213     0]
 [    0     0     0     0     0     0     0  7687]]


Classification Report:
                 precision    recall  f1-score   support

    neutral (0)       0.90      0.97      0.93     13075
      Blink (1)       0.97      0.97      0.97      6365
  Gaze Left (2)       0.87      0.84      0.86      3292
 Gaze Right (3)       0.92      0.85      0.88      3346
Gaze Center (4)       0.93      0.84      0.88      7337
    Gaze Up (5)       0.94      0.88      0.91      2413
  Gaze Down (6)       0.90      0.93      0.91      2381
      Noise (7)       0.99      1.00      1.00      7687

       accuracy                           0.93     45896
      macro avg       0.93      0.91      0.92     45896
   weighted avg       0.93      0.93      0.93     45896
