Confusion Matrix:
[[13840    17    89    90   231    45    49     0]
 [   18  5648     4     1     5    40    55     5]
 [  292    32  3030    44   176    23     0    36]
 [  228    88   152  2393   153    36     3     0]
 [  509     4   234    96  6121     1    95    25]
 [  117    33    27    52    51  2104    29     0]
 [   96     0     0     2    86     0  2197     0]
 [    0     0     0     0     0     0     0  7687]]


Classification Report:
                 precision    recall  f1-score   support

    neutral (0)       0.92      0.96      0.94     14361
      Blink (1)       0.97      0.98      0.97      5776
  Gaze Left (2)       0.86      0.83      0.85      3633
 Gaze Right (3)       0.89      0.78      0.84      3053
Gaze Center (4)       0.90      0.86      0.88      7085
    Gaze Up (5)       0.94      0.87      0.90      2413
  Gaze Down (6)       0.90      0.92      0.91      2381
      Noise (7)       0.99      1.00      1.00      7687

       accuracy                           0.93     46389
      macro avg       0.92      0.90      0.91     46389
   weighted avg       0.93      0.93      0.93     46389
